config_path_used: standard_training/config/srcnn.yaml
evaluated_samples: 6000
evaluation_results:
  avg_inference_time_ms: 0.02385095755259196
  loss: 2.910762966106025e-05
  mse: 5.82152593221205e-05
  nmse: 4.3674977900920453e-10
  psnr: 40.335667388916015
  ssim: 0.9971823554039001
evaluation_time_seconds: 6.375816345214844
local_results_directory: ./standard_training/checkpoints/srcnn/evaluations/
